 0 0.000002 0.000017 0.000030 0.000041 
 1 0.000016 0.000167 0.000316 0.000428 
 2 0.000193 0.001084 0.001587 0.002198 
 3 0.001051 0.004220 0.005966 0.007303 
 4 0.004628 0.012871 0.016007 0.018729 
 5 0.015019 0.029651 0.034354 0.037074 
 6 0.036848 0.055623 0.059364 0.062795 
 7 0.073790 0.086982 0.088561 0.090346 
 8 0.120402 0.116848 0.114927 0.112702 
 9 0.159850 0.136329 0.130582 0.125556 
 10 0.176441 0.140543 0.131039 0.125506 
 11 0.159829 0.127019 0.120104 0.114618 
 12 0.119906 0.103181 0.098905 0.094867 
 13 0.074365 0.075531 0.074423 0.073349 
 14 0.037205 0.049502 0.051199 0.052183 
 15 0.014596 0.029781 0.032625 0.034582 
 16 0.004561 0.016383 0.019448 0.021432 
 17 0.001094 0.008161 0.010505 0.012557 
 18 0.000188 0.003614 0.005553 0.006878 
 19 0.000016 0.001559 0.002556 0.003548 
 20 0.000000 0.000661 0.001115 0.001771 
 21 0.000000 0.000181 0.000487 0.000833 
 22 0.000000 0.000067 0.000214 0.000399 
 23 0.000000 0.000015 0.000101 0.000197 
 24 0.000000 0.000009 0.000019 0.000068 
 25 0.000000 0.000001 0.000011 0.000029 
