0.000000 10000 
0.076923 9909 
0.153846 9814 
0.230769 9702 
0.307692 9600 
0.384615 9493 
0.461538 9395 
0.538462 9302 
0.615385 9213 
0.692308 9125 
0.769231 9048 
0.846154 8955 
0.923077 8870 
1.000000 8776 
1.076923 8694 
1.153846 8603 
1.230769 8507 
1.307692 8432 
1.384615 8341 
1.461539 8267 
1.538462 8189 
1.615385 8114 
1.692308 8017 
1.769231 7938 
1.846154 7868 
1.923077 7792 
2.000000 7724 
2.076923 7650 
2.153846 7569 
2.230769 7487 
2.307692 7406 
2.384615 7323 
2.461539 7256 
2.538462 7196 
2.615385 7126 
2.692308 7047 
2.769231 6976 
2.846154 6898 
2.923077 6812 
3.000000 6732 
3.076923 6661 
3.153846 6587 
3.230769 6514 
3.307692 6444 
3.384616 6378 
3.461539 6319 
3.538462 6250 
3.615385 6197 
3.692308 6136 
3.769231 6073 
3.846154 6012 
3.923077 5962 
4.000000 5901 
4.076923 5841 
4.153846 5780 
4.230769 5725 
4.307693 5674 
4.384616 5617 
4.461539 5556 
4.538462 5501 
4.615385 5452 
4.692308 5389 
4.769231 5329 
4.846154 5283 
4.923077 5233 
5.000000 5186 
5.076923 5136 
5.153846 5079 
5.230769 5021 
5.307693 4971 
5.384616 4934 
5.461539 4883 
5.538462 4833 
5.615385 4775 
5.692308 4738 
5.769231 4693 
5.846154 4656 
5.923077 4623 
6.000000 4571 
6.076923 4535 
6.153846 4494 
6.230770 4456 
6.307693 4404 
6.384616 4347 
6.461539 4291 
6.538462 4248 
6.615385 4215 
6.692308 4184 
6.769231 4139 
6.846154 4104 
6.923077 4055 
7.000000 4010 
7.076923 3971 
7.153846 3936 
7.230770 3897 
7.307693 3858 
7.384616 3825 
7.461539 3797 
7.538462 3763 
7.615385 3731 
7.692308 3700 
7.769231 3660 
7.846154 3631 
7.923077 3600 
8.000000 3562 
8.076923 3524 
8.153847 3490 
8.230770 3455 
8.307693 3427 
8.384616 3402 
8.461539 3359 
8.538462 3318 
8.615385 3295 
8.692308 3260 
8.769231 3229 
8.846154 3194 
8.923077 3152 
9.000000 3121 
9.076924 3083 
9.153847 3060 
9.230770 3031 
9.307693 2997 
9.384616 2975 
9.461539 2947 
9.538462 2906 
9.615385 2879 
9.692308 2842 
9.769231 2814 
9.846154 2784 
9.923077 2754 
10.000000 2718 
10.076924 2695 
10.153847 2665 
10.230770 2641 
10.307693 2619 
10.384616 2587 
10.461539 2556 
10.538462 2530 
10.615385 2501 
10.692308 2471 
10.769231 2442 
10.846154 2420 
10.923077 2401 
11.000001 2371 
11.076924 2345 
11.153847 2317 
11.230770 2297 
11.307693 2278 
11.384616 2257 
11.461539 2235 
11.538462 2221 
11.615385 2203 
11.692308 2180 
11.769231 2156 
11.846154 2125 
11.923077 2098 
12.000001 2071 
12.076924 2054 
12.153847 2035 
12.230770 2015 
12.307693 1997 
12.384616 1969 
12.461539 1950 
12.538462 1927 
12.615385 1904 
12.692308 1883 
12.769231 1871 
12.846154 1851 
12.923078 1836 
13.000001 1818 
13.076924 1802 
13.153847 1778 
13.230770 1760 
13.307693 1745 
13.384616 1729 
13.461539 1715 
13.538462 1696 
13.615385 1682 
13.692308 1670 
13.769231 1657 
13.846155 1638 
13.923078 1623 
14.000001 1610 
14.076924 1589 
14.153847 1576 
14.230770 1558 
14.307693 1546 
14.384616 1532 
14.461539 1522 
14.538462 1508 
14.615385 1496 
14.692308 1476 
14.769231 1460 
14.846155 1449 
14.923078 1433 
15.000001 1412 
15.076924 1393 
15.153847 1375 
15.230770 1358 
15.307693 1345 
15.384616 1333 
15.461539 1313 
15.538462 1300 
15.615385 1283 
15.692308 1268 
15.769232 1254 
15.846155 1243 
15.923078 1230 
16.000001 1220 
16.076924 1203 
16.153847 1188 
16.230770 1183 
16.307693 1166 
16.384616 1152 
16.461539 1141 
16.538462 1132 
16.615385 1122 
16.692308 1113 
16.769232 1101 
16.846155 1083 
16.923078 1073 
17.000001 1059 
17.076924 1051 
17.153847 1030 
17.230770 1024 
17.307693 1017 
17.384616 1005 
17.461539 992 
17.538462 983 
17.615385 975 
17.692309 964 
17.769232 957 
17.846155 951 
17.923078 939 
18.000001 929 
18.076924 916 
18.153847 904 
18.230770 896 
18.307693 891 
18.384616 878 
18.461539 864 
18.538462 856 
18.615385 847 
18.692309 840 
18.769232 836 
18.846155 830 
18.923078 816 
19.000001 806 
19.076924 799 
19.153847 787 
19.230770 774 
19.307693 767 
19.384616 764 
19.461539 758 
19.538462 747 
19.615386 742 
19.692309 733 
19.769232 719 
19.846155 715 
19.923078 703 
20.000001 696 
20.076924 693 
20.153847 689 
20.230770 681 
20.307693 666 
20.384616 659 
20.461539 652 
20.538463 645 
20.615386 637 
20.692309 634 
20.769232 628 
20.846155 616 
20.923078 606 
21.000001 602 
21.076924 590 
21.153847 586 
21.230770 580 
21.307693 574 
21.384616 566 
21.461539 560 
21.538463 557 
21.615386 554 
21.692309 549 
21.769232 543 
21.846155 539 
21.923078 533 
22.000001 530 
22.076924 523 
22.153847 523 
22.230770 518 
22.307693 511 
22.384616 508 
22.461540 501 
22.538463 498 
22.615386 492 
22.692309 487 
22.769232 475 
22.846155 473 
22.923078 469 
23.000001 466 
23.076924 462 
23.153847 456 
23.230770 450 
23.307693 441 
23.384616 435 
23.461540 429 
23.538463 424 
23.615386 422 
23.692309 421 
23.769232 418 
23.846155 411 
23.923078 405 
24.000001 398 
24.076924 394 
24.153847 385 
24.230770 385 
24.307693 382 
24.384617 377 
24.461540 373 
24.538463 372 
24.615386 370 
24.692309 366 
24.769232 366 
24.846155 364 
24.923078 359 
25.000001 355 
25.076924 350 
25.153847 348 
25.230770 345 
25.307694 340 
25.384617 339 
25.461540 337 
25.538463 333 
25.615386 332 
25.692309 328 
25.769232 327 
25.846155 323 
25.923078 320 
26.000001 316 
26.076924 313 
26.153847 309 
26.230770 309 
26.307694 304 
26.384617 304 
26.461540 301 
26.538463 298 
26.615386 292 
26.692309 288 
26.769232 282 
26.846155 276 
26.923078 274 
27.000001 274 
27.076924 271 
27.153847 269 
27.230771 267 
27.307694 264 
27.384617 261 
27.461540 259 
27.538463 258 
27.615386 255 
27.692309 251 
27.769232 248 
27.846155 245 
27.923078 244 
28.000001 243 
28.076924 241 
28.153847 240 
28.230771 239 
28.307694 236 
28.384617 234 
28.461540 230 
28.538463 228 
28.615386 227 
28.692309 223 
28.769232 219 
28.846155 215 
28.923078 214 
29.000001 211 
29.076924 208 
29.153848 206 
29.230771 204 
29.307694 201 
29.384617 198 
29.461540 197 
29.538463 197 
29.615386 196 
29.692309 191 
29.769232 188 
29.846155 188 
29.923078 186 
30.000001 185 
30.076925 184 
30.153848 182 
30.230771 179 
30.307694 177 
30.384617 176 
30.461540 174 
30.538463 172 
30.615386 169 
30.692309 168 
30.769232 167 
30.846155 166 
30.923078 166 
31.000001 164 
31.076925 164 
31.153848 163 
31.230771 161 
31.307694 160 
31.384617 158 
31.461540 156 
31.538463 155 
31.615386 151 
31.692309 150 
31.769232 150 
31.846155 149 
31.923078 148 
32.000002 144 
32.076925 143 
32.153848 142 
32.230771 139 
32.307694 137 
32.384617 137 
32.461540 135 
32.538463 134 
32.615386 133 
32.692309 132 
32.769232 131 
32.846155 130 
32.923078 130 
33.000002 128 
33.076925 128 
33.153848 127 
33.230771 126 
33.307694 125 
33.384617 125 
33.461540 125 
33.538463 123 
33.615386 120 
33.692309 119 
33.769232 116 
33.846155 114 
33.923079 113 
34.000002 111 
34.076925 111 
34.153848 110 
34.230771 108 
34.307694 108 
34.384617 106 
34.461540 105 
34.538463 104 
34.615386 101 
34.692309 99 
34.769232 99 
34.846156 97 
34.923079 97 
35.000002 96 
35.076925 93 
35.153848 93 
35.230771 91 
35.307694 89 
35.384617 89 
35.461540 89 
35.538463 89 
35.615386 89 
35.692309 89 
35.769232 89 
35.846156 89 
35.923079 87 
36.000002 87 
36.076925 86 
36.153848 86 
36.230771 85 
36.307694 84 
36.384617 81 
36.461540 81 
36.538463 81 
36.615386 79 
36.692309 78 
36.769233 78 
36.846156 78 
36.923079 76 
37.000002 76 
37.076925 76 
37.153848 75 
37.230771 75 
37.307694 74 
37.384617 73 
37.461540 72 
37.538463 70 
37.615386 69 
37.692309 68 
37.769233 66 
37.846156 66 
37.923079 66 
38.000002 65 
38.076925 64 
38.153848 64 
38.230771 64 
38.307694 64 
38.384617 64 
38.461540 63 
38.538463 62 
38.615386 60 
38.692310 60 
38.769233 59 
38.846156 59 
38.923079 59 
39.000002 59 
39.076925 59 
39.153848 59 
39.230771 59 
39.307694 57 
39.384617 54 
39.461540 54 
39.538463 54 
39.615386 54 
39.692310 54 
39.769233 54 
39.846156 54 
39.923079 54 
40.000002 54 
40.076925 54 
40.153848 54 
40.230771 52 
40.307694 51 
40.384617 51 
40.461540 51 
40.538463 50 
40.615387 50 
40.692310 50 
40.769233 49 
40.846156 49 
40.923079 49 
41.000002 49 
41.076925 47 
41.153848 47 
41.230771 47 
41.307694 47 
41.384617 47 
41.461540 47 
41.538464 47 
41.615387 47 
41.692310 45 
41.769233 45 
41.846156 44 
41.923079 43 
42.000002 43 
42.076925 41 
42.153848 41 
42.230771 41 
42.307694 41 
42.384617 41 
42.461540 41 
42.538464 40 
42.615387 39 
42.692310 39 
42.769233 39 
42.846156 39 
42.923079 39 
43.000002 39 
43.076925 39 
43.153848 38 
43.230771 38 
43.307694 37 
43.384617 36 
43.461541 36 
43.538464 36 
43.615387 36 
43.692310 36 
43.769233 36 
43.846156 35 
43.923079 34 
44.000002 34 
44.076925 33 
44.153848 32 
44.230771 31 
44.307694 31 
44.384617 30 
44.461541 30 
44.538464 30 
44.615387 30 
44.692310 30 
44.769233 30 
44.846156 30 
44.923079 30 
45.000002 30 
45.076925 29 
45.153848 29 
45.230771 29 
45.307694 27 
45.384618 27 
45.461541 27 
45.538464 27 
45.615387 27 
45.692310 26 
45.769233 26 
45.846156 26 
45.923079 26 
46.000002 26 
46.076925 26 
46.153848 26 
46.230771 26 
46.307695 26 
46.384618 26 
46.461541 26 
46.538464 25 
46.615387 24 
46.692310 24 
46.769233 24 
46.846156 24 
46.923079 23 
47.000002 23 
47.076925 23 
47.153848 23 
47.230771 22 
47.307695 22 
47.384618 22 
47.461541 22 
47.538464 21 
47.615387 21 
47.692310 21 
47.769233 21 
47.846156 20 
47.923079 19 
48.000002 19 
48.076925 18 
48.153848 18 
48.230772 18 
48.307695 18 
48.384618 18 
48.461541 18 
48.538464 17 
48.615387 17 
48.692310 17 
48.769233 17 
48.846156 17 
48.923079 17 
49.000002 17 
49.076925 16 
49.153848 16 
49.230772 16 
49.307695 16 
49.384618 16 
49.461541 16 
49.538464 16 
49.615387 16 
49.692310 16 
49.769233 16 
49.846156 16 
49.923079 16 
50.000002 15 
50.076925 15 
50.153849 15 
50.230772 15 
50.307695 15 
50.384618 15 
50.461541 15 
50.538464 15 
50.615387 15 
50.692310 15 
50.769233 15 
50.846156 15 
50.923079 15 
51.000002 15 
51.076926 14 
51.153849 14 
51.230772 14 
51.307695 14 
51.384618 12 
51.461541 12 
51.538464 12 
51.615387 11 
51.692310 11 
51.769233 11 
51.846156 11 
51.923079 11 
52.000002 11 
52.076926 10 
52.153849 10 
52.230772 10 
52.307695 10 
52.384618 9 
52.461541 9 
52.538464 9 
52.615387 9 
52.692310 9 
52.769233 8 
52.846156 8 
52.923079 8 
53.000003 8 
53.076926 8 
53.153849 8 
53.230772 8 
53.307695 7 
53.384618 6 
53.461541 6 
53.538464 6 
53.615387 6 
53.692310 6 
53.769233 6 
53.846156 6 
53.923079 6 
54.000003 6 
54.076926 6 
54.153849 6 
54.230772 6 
54.307695 6 
54.384618 6 
54.461541 6 
54.538464 6 
54.615387 6 
54.692310 6 
54.769233 6 
54.846156 6 
54.923080 6 
55.000003 6 
55.076926 5 
55.153849 5 
55.230772 5 
55.307695 4 
55.384618 4 
55.461541 4 
55.538464 4 
55.615387 4 
55.692310 4 
55.769233 4 
55.846156 4 
55.923080 4 
56.000003 4 
56.076926 4 
56.153849 4 
56.230772 4 
56.307695 4 
56.384618 4 
56.461541 4 
56.538464 4 
56.615387 4 
56.692310 4 
56.769233 4 
56.846157 4 
56.923080 4 
57.000003 3 
57.076926 3 
57.153849 3 
57.230772 3 
57.307695 3 
57.384618 3 
57.461541 3 
57.538464 3 
57.615387 3 
57.692310 3 
57.769234 3 
57.846157 3 
57.923080 3 
58.000003 3 
58.076926 3 
58.153849 3 
58.230772 3 
58.307695 3 
58.384618 3 
58.461541 3 
58.538464 3 
58.615387 3 
58.692310 3 
58.769234 2 
58.846157 2 
58.923080 2 
59.000003 2 
59.076926 2 
59.153849 2 
59.230772 2 
59.307695 2 
59.384618 2 
59.461541 2 
59.538464 2 
59.615387 2 
59.692311 2 
59.769234 2 
59.846157 2 
59.923080 2 
60.000003 2 
60.076926 2 
60.153849 2 
60.230772 2 
60.307695 2 
60.384618 2 
60.461541 2 
60.538464 2 
60.615387 2 
60.692311 2 
60.769234 2 
60.846157 2 
60.923080 2 
61.000003 2 
61.076926 2 
61.153849 2 
61.230772 2 
61.307695 2 
61.384618 2 
61.461541 2 
61.538464 2 
61.615388 2 
61.692311 2 
61.769234 2 
61.846157 2 
61.923080 2 
62.000003 2 
62.076926 2 
62.153849 2 
62.230772 2 
62.307695 1 
62.384618 1 
62.461541 1 
62.538465 1 
62.615388 1 
62.692311 1 
62.769234 1 
62.846157 1 
62.923080 1 
63.000003 1 
63.076926 1 
63.153849 1 
63.230772 1 
63.307695 1 
63.384618 1 
63.461541 1 
63.538465 1 
63.615388 1 
63.692311 1 
63.769234 1 
63.846157 1 
63.923080 1 
64.000003 1 
64.076926 1 
64.153849 1 
64.230772 1 
64.307695 1 
64.384618 1 
64.461542 1 
64.538465 1 
64.615388 1 
64.692311 1 
64.769234 1 
64.846157 1 
