0.000000 10000 
0.384615 9468 
0.769231 9004 
1.153846 8596 
1.538462 8169 
1.923077 7798 
2.307692 7385 
2.692308 7006 
3.076923 6658 
3.461538 6316 
3.846154 6014 
4.230769 5694 
4.615385 5427 
5.000000 5166 
5.384615 4907 
5.769231 4689 
6.153846 4458 
6.538461 4235 
6.923077 4025 
7.307692 3822 
7.692308 3642 
8.076923 3467 
8.461538 3283 
8.846154 3128 
9.230769 2997 
9.615384 2848 
10.000000 2704 
10.384615 2567 
10.769231 2458 
11.153846 2314 
11.538461 2206 
11.923077 2098 
12.307692 1991 
12.692307 1883 
13.076923 1800 
13.461538 1712 
13.846154 1637 
14.230769 1554 
14.615384 1469 
15.000000 1382 
15.384615 1304 
15.769230 1257 
16.153846 1198 
16.538461 1129 
16.923077 1080 
17.307692 1016 
17.692307 979 
18.076923 931 
18.461538 890 
18.846153 842 
19.230769 796 
19.615384 758 
20.000000 726 
20.384615 699 
20.769230 668 
21.153846 625 
21.538461 600 
21.923076 565 
22.307692 530 
22.692307 506 
23.076923 479 
23.461538 454 
23.846153 437 
24.230769 414 
24.615384 396 
24.999999 374 
25.384615 360 
25.769230 341 
26.153846 316 
26.538461 294 
26.923076 280 
27.307692 268 
27.692307 260 
28.076922 252 
28.461538 245 
28.846153 232 
29.230769 215 
29.615384 205 
29.999999 189 
30.384615 179 
30.769230 169 
31.153845 164 
31.538461 155 
31.923076 148 
32.307692 144 
32.692307 136 
33.076922 130 
33.461538 124 
33.846153 122 
34.230768 120 
34.615384 111 
34.999999 107 
35.384615 102 
35.769230 97 
36.153845 87 
36.538461 79 
36.923076 75 
37.307691 70 
37.692307 60 
38.076922 57 
38.461538 54 
38.846153 52 
39.230768 50 
39.615384 50 
39.999999 46 
40.384614 41 
40.769230 40 
41.153845 35 
41.538461 34 
41.923076 32 
42.307691 28 
42.692307 27 
43.076922 26 
43.461537 25 
43.846153 25 
44.230768 23 
44.615384 23 
44.999999 23 
45.384614 23 
45.769230 21 
46.153845 19 
46.538460 17 
46.923076 17 
47.307691 17 
47.692307 16 
48.076922 16 
48.461537 16 
48.846153 16 
49.230768 15 
49.615384 15 
49.999999 15 
50.384614 14 
50.769230 13 
51.153845 12 
51.538460 12 
51.923076 11 
52.307691 9 
52.692307 9 
53.076922 8 
53.461537 8 
53.846153 7 
54.230768 7 
54.615383 6 
54.999999 6 
55.384614 5 
55.769230 5 
56.153845 5 
56.538460 5 
56.923076 5 
57.307691 5 
57.692306 5 
58.076922 5 
58.461537 5 
58.846153 5 
59.230768 5 
59.615383 5 
59.999999 4 
60.384614 3 
60.769229 3 
61.153845 3 
61.538460 3 
61.923076 3 
62.307691 3 
62.692306 3 
63.076922 3 
63.461537 3 
63.846152 3 
64.230768 3 
64.615383 3 
64.999999 2 
65.384614 2 
65.769229 2 
66.153845 2 
66.538460 1 
66.923075 1 
67.307691 1 
