0.000000 0.000000 
0.384615 0.049000 
0.769231 0.094000 
1.153846 0.139000 
1.538462 0.182000 
1.923077 0.222000 
2.307692 0.261000 
2.692308 0.298000 
3.076923 0.332000 
3.461538 0.366000 
3.846154 0.397000 
4.230769 0.426000 
4.615385 0.454000 
5.000000 0.481000 
5.384615 0.506000 
5.769231 0.530000 
6.153846 0.554000 
6.538462 0.575000 
6.923077 0.597000 
7.307692 0.618000 
7.692308 0.636000 
8.076923 0.653000 
8.461538 0.669000 
8.846154 0.686000 
9.230769 0.701000 
9.615385 0.716000 
10.000000 0.730000 
10.384615 0.742000 
10.769231 0.754000 
11.153846 0.766000 
11.538462 0.778000 
11.923077 0.789000 
12.307692 0.799000 
12.692308 0.809000 
13.076923 0.819000 
13.461538 0.828000 
13.846154 0.836000 
14.230769 0.844000 
14.615385 0.852000 
15.000000 0.859000 
15.384615 0.866000 
15.769231 0.872000 
16.153846 0.879000 
16.538462 0.885000 
16.923077 0.890000 
17.307692 0.895000 
17.692308 0.900000 
18.076923 0.905000 
18.461538 0.910000 
18.846154 0.914000 
19.230769 0.918000 
19.615385 0.923000 
20.000000 0.927000 
20.384615 0.930000 
20.769231 0.934000 
21.153846 0.937000 
21.538462 0.940000 
21.923077 0.943000 
22.307692 0.946000 
22.692308 0.949000 
23.076923 0.951000 
23.461538 0.953000 
23.846154 0.956000 
24.230769 0.958000 
24.615385 0.960000 
25.000000 0.962000 
25.384615 0.964000 
25.769231 0.965000 
26.153846 0.967000 
26.538462 0.969000 
26.923077 0.971000 
27.307692 0.972000 
27.692308 0.973000 
28.076923 0.975000 
28.461538 0.976000 
28.846154 0.977000 
29.230769 0.978000 
29.615385 0.979000 
30.000000 0.980000 
30.384615 0.981000 
30.769231 0.982000 
31.153846 0.983000 
31.538462 0.984000 
31.923077 0.985000 
32.307692 0.985000 
32.692308 0.986000 
33.076923 0.987000 
33.461538 0.987000 
33.846154 0.988000 
34.230769 0.989000 
34.615385 0.989000 
35.000000 0.990000 
35.384615 0.990000 
35.769231 0.991000 
36.153846 0.991000 
36.538462 0.992000 
36.923077 0.992000 
37.307692 0.993000 
37.692308 0.993000 
38.076923 0.993000 
38.461538 0.994000 
38.846154 0.994000 
39.230769 0.995000 
39.615385 0.995000 
40.000000 0.995000 
40.384615 0.995000 
40.769231 0.996000 
41.153846 0.996000 
41.538462 0.996000 
41.923077 0.996000 
42.307692 0.996000 
42.692308 0.997000 
43.076923 0.997000 
43.461538 0.997000 
43.846154 0.997000 
44.230769 0.997000 
44.615385 0.997000 
45.000000 0.998000 
45.384615 0.998000 
45.769231 0.998000 
46.153846 0.998000 
46.538462 0.998000 
46.923077 0.998000 
47.307692 0.998000 
47.692308 0.999000 
48.076923 0.999000 
48.461538 0.999000 
48.846154 0.999000 
49.230769 0.999000 
49.615385 0.999000 
50.000000 0.999000 
50.384615 0.999000 
50.769231 0.999000 
51.153846 0.999000 
51.538462 0.999000 
51.923077 0.999000 
52.307692 0.999000 
52.692308 0.999000 
53.076923 0.999000 
53.461538 0.999000 
53.846154 0.999000 
54.230769 1.000000 
54.615385 1.000000 
55.000000 1.000000 
55.384615 1.000000 
55.769231 1.000000 
56.153846 1.000000 
56.538462 1.000000 
56.923077 1.000000 
57.307692 1.000000 
57.692308 1.000000 
58.076923 1.000000 
58.461538 1.000000 
58.846154 1.000000 
59.230769 1.000000 
59.615385 1.000000 
60.000000 1.000000 
60.384615 1.000000 
60.769231 1.000000 
61.153846 1.000000 
61.538462 1.000000 
61.923077 1.000000 
62.307692 1.000000 
62.692308 1.000000 
63.076923 1.000000 
63.461538 1.000000 
63.846154 1.000000 
64.230769 1.000000 
64.615385 1.000000 
65.000000 1.000000 
65.384615 1.000000 
65.769231 1.000000 
66.153846 1.000000 
66.538462 1.000000 
66.923077 1.000000 
67.307692 1.000000 
67.692308 1.000000 
