0.000000 10000 
0.769231 9003 
1.538462 8057 
2.307692 7251 
3.076923 6545 
3.846154 5887 
4.615385 5314 
5.384615 4813 
6.153846 4324 
6.923077 3879 
7.692308 3478 
8.461539 3113 
9.230769 2802 
10.000000 2539 
10.769231 2270 
11.538462 2045 
12.307692 1839 
13.076923 1659 
13.846154 1496 
14.615385 1334 
15.384616 1195 
16.153846 1072 
16.923077 981 
17.692308 896 
18.461539 805 
19.230770 732 
20.000000 638 
20.769231 575 
21.538462 529 
22.307693 472 
23.076923 429 
23.846154 384 
24.615385 351 
25.384616 317 
26.153847 282 
26.923077 251 
27.692308 226 
28.461539 202 
29.230770 178 
30.000000 161 
30.769231 147 
31.538462 134 
32.307693 117 
33.076924 110 
33.846154 99 
34.615385 93 
35.384616 89 
36.153847 81 
36.923077 73 
37.692308 64 
38.461539 60 
39.230770 56 
40.000001 52 
40.769231 50 
41.538462 45 
42.307693 42 
43.076924 39 
43.846154 29 
44.615385 26 
45.384616 24 
46.153847 19 
46.923078 18 
47.692308 17 
48.461539 12 
49.230770 10 
50.000001 10 
50.769232 9 
51.538462 9 
52.307693 7 
53.076924 5 
53.846155 5 
54.615385 4 
55.384616 4 
56.153847 3 
56.923078 3 
57.692309 3 
58.461539 3 
59.230770 2 
60.000001 2 
60.769232 2 
61.538462 1 
62.307693 1 
63.076924 1 
63.846155 1 
64.615386 1 
65.384616 1 
66.153847 1 
66.923078 1 
67.692309 1 
68.461539 1 
69.230770 1 
70.000001 1 
70.769232 0 
0.000000 0 
